question_id response_id
0 19441
1 12640
2 4676
3 11430
4 9574
5 7503
6 7231
7 20661
8 6884
9 11413
10 15291
11 12948
12 4418
13 8549
14 7472
15 14800
17 4087
16 16749
19 6888
18 4437
21 10429
20 5844
23 19985
22 24673
25 8260
24 8519
27 17178
26 22845
29 13440
28 27400
31 4125
30 3075
34 17009
35 20623
32 4568
33 2933
38 25158
39 24110
36 24268
37 15024
42 8071
43 9944
40 26718
41 100
46 14384
47 15328
44 13607
45 10406
51 20055
50 17116
49 16250
48 8899
55 9017
54 14138
52 16334
59 17145
58 846
57 14502
56 23929
63 15096
62 7968
61 22055
60 10874
68 504
69 14918
70 16275
71 26315
64 2392
65 5253
66 347
67 6102
76 16869
77 6530
78 11830
79 26802
72 1991
73 18472
74 22079
75 7113
84 7628
87 6119
86 27346
81 10706
80 13570
83 2459
82 1675
93 16030
92 22902
95 4048
94 7632
89 17996
88 11080
91 3760
90 995
102 18153
103 22233
100 12005
98 26223
99 3831
96 12785
97 12912
110 12374
111 12897
108 970
109 23478
106 18285
107 2214
104 9748
105 8219
119 3883
118 13478
117 9394
116 6459
115 2976
114 5530
113 6605
112 3412
127 22444
126 14175
125 13888
124 1432
123 9341
122 26237
121 8070
120 24119
137 25529
136 26883
139 20910
138 19723
141 18582
140 2450
143 17354
142 19578
129 21691
128 25802
131 6325
130 15233
133 2761
132 13771
135 10625
134 19158
152 16590
153 23012
154 21743
155 12645
156 26060
157 16286
158 20652
159 10348
144 6260
145 25237
146 2548
147 853
148 1035
149 11106
150 23920
151 21158
171 27290
170 12748
169 5941
168 14938
175 15428
174 378
173 20392
172 6892
163 12490
162 6090
161 17717
160 17635
167 19702
166 14475
165 4762
164 23511
186 15541
187 22803
184 20528
185 19796
190 17978
191 20881
188 18877
189 15484
178 25416
179 12989
176 24744
177 27528
182 25282
183 8997
180 4748
181 9132
205 11046
204 2246
207 12689
206 22391
201 26494
200 16824
202 27110
197 1910
196 388
199 14125
198 19569
193 24894
192 7195
195 15882
194 638
220 14992
221 10127
222 24588
223 11333
216 5372
217 15793
218 2943
219 27807
212 14214
213 23155
214 18707
215 15729
208 11369
209 15155
211 7359
239 14151
238 23850
237 26357
236 16986
235 17241
234 2508
233 6106
232 20543
231 19459
230 6340
229 105
228 23620
227 19117
226 18231
225 2874
224 15876
254 80
255 20873
252 8951
253 5901
250 7747
251 3841
248 18478
249 6145
246 21605
247 25845
244 6619
245 25570
242 27877
243 3399
240 23283
241 7201
275 2158
274 2003
272 16796
279 15859
278 5451
277 20803
276 9585
283 18849
282 23738
281 24124
280 13898
287 12244
286 15445
285 1663
284 17700
258 17981
256 17845
257 9508
262 25868
263 26905
260 27498
266 8777
267 3845
264 18787
265 1227
270 11353
271 13078
268 10694
269 30
305 13112
304 18331
307 5961
306 13799
309 20640
308 3304
311 4778
310 6150
313 6085
312 26141
315 7677
314 4588
317 1736
316 12419
319 22103
318 7528
288 3442
289 11951
290 3908
291 22398
292 19563
293 24855
294 17763
295 9615
296 14567
297 4871
298 21366
299 13826
300 11635
301 20865
302 25447
303 17788
343 8872
342 13104
341 14952
340 8416
339 4079
338 8020
337 2503
336 23255
350 27650
349 8629
348 3817
347 24391
346 25760
345 6360
344 16552
326 15384
327 18369
324 11735
325 11111
322 3944
323 15716
320 5882
321 3938
334 12390
335 3416
332 12316
333 14867
330 13309
331 20483
328 24511
329 18938
373 21096
372 9645
375 22411
374 22821
369 5094
368 8905
371 19455
370 2301
381 27349
380 7072
383 1682
382 646
379 16772
378 1292
356 17200
357 25215
358 27424
359 12286
352 19060
353 24849
354 784
355 15494
364 7208
365 18557
366 13430
367 11492
360 6274
361 18317
362 6184
363 5642
410 26740
411 16593
408 21317
409 8562
414 26014
415 20712
412 410
413 5012
402 12048
403 3263
400 23353
401 8639
406 27050
407 24263
404 4143
405 1184
395 23940
394 25001
393 3410
392 1836
399 19098
398 21855
397 23115
396 11861
387 27745
386 23719
385 1447
384 4645
391 5257
390 26953
389 23656
388 25608
440 7989
441 376
442 14973
443 11869
444 23378
445 20899
446 27683
447 9477
432 26891
433 3480
434 14636
435 336
436 21462
437 18183
438 7531
439 4792
425 18825
424 11214
427 5400
426 9503
429 3837
428 26214
431 6801
430 24914
417 14651
416 20209
419 1283
418 788
421 23042
420 1348
423 15165
422 27615
478 8282
479 23204
476 4693
477 14888
474 736
475 26519
472 4545
473 2656
470 13755
471 199
468 23188
469 3521
466 2047
464 13287
465 25864
463 1643
462 11939
461 22695
460 24178
459 21667
458 27285
457 4974
456 12274
455 22071
454 14495
453 3698
452 22602
451 19099
450 6538
449 18807
448 4560
508 19386
509 15284
510 1057
511 15622
504 21356
505 10664
506 6376
507 25203
500 16038
501 16346
502 10156
503 16784
496 5609
497 24205
498 2909
499 17550
493 23802
492 9607
495 14547
494 26554
489 17287
488 20170
491 13025
490 5421
485 18260
484 8916
487 10700
486 4600
481 17228
480 6670
483 11508
482 8344
550 8336
551 25771
548 11557
549 810
546 17090
547 8067
544 24436
545 27790
558 21901
559 2989
556 2487
557 22375
554 10720
555 21619
552 15822
553 2359
567 21141
566 15677
565 17927
564 26628
563 26343
562 13609
561 28042
560 15439
575 21790
574 26305
573 4880
572 27734
571 22488
570 17336
569 21292
568 14957
516 3705
518 8976
519 22956
512 458
513 11164
514 27107
515 11691
524 19633
525 2182
526 21388
527 1062
520 10734
521 10452
522 9454
523 13828
533 17676
532 27909
535 13392
534 24174
529 18068
528 21924
531 7524
530 8055
541 8173
540 11575
543 15685
542 25134
537 24802
536 12412
539 15846
538 17620
610 5507
611 3083
608 16888
609 3120
614 25862
615 17918
612 21481
613 19861
618 17368
619 2541
616 807
617 26125
622 14522
623 18468
620 24464
621 11322
627 19526
626 13055
625 13702
624 10359
631 23165
630 11339
629 15629
628 18517
635 20256
634 18747
633 2127
632 2073
639 18061
638 6237
637 22557
636 4823
576 23083
577 22912
578 18984
579 20049
580 5821
581 10493
582 6896
583 7344
584 4713
586 12614
587 15796
588 15349
589 21630
590 4854
591 27777
593 22638
592 27937
595 4609
594 12996
597 9900
596 8863
599 24882
598 17015
601 3336
600 24644
603 4274
602 7096
605 4978
604 16688
607 5663
606 19582
686 24112
685 16717
684 27437
683 11324
682 24807
681 5157
680 14765
679 18979
678 17707
677 4827
676 5052
675 3017
674 26066
672 5431
703 27440
700 1641
701 10865
698 6222
699 9970
696 7787
697 18359
694 14240
695 20356
692 24256
693 10737
690 2134
691 27975
688 20736
689 23913
653 4484
652 12607
655 2977
654 21199
649 4319
648 25337
651 13654
650 20905
645 19217
644 26126
647 1994
646 9431
641 10545
640 21992
643 27091
642 14480
669 11610
670 17300
671 833
664 6523
665 3870
666 4637
667 26544
660 16543
661 27523
662 11646
663 12659
656 12928
657 1414
658 26621
659 26148
747 27959
746 9707
745 2209
744 470
751 11643
750 20684
748 16862
739 25408
738 4351
737 11523
736 36
743 23449
742 26396
741 17446
740 23609
762 5417
763 2779
760 13950
761 2177
766 2329
767 10064
764 20611
765 16065
754 24617
755 8029
752 5650
753 9413
758 1335
759 10885
756 6314
757 5338
713 7964
712 21802
715 7166
714 311
717 9435
716 715
719 3375
718 10512
705 1716
704 2856
707 27849
706 4344
709 15681
708 8300
711 27635
710 16959
728 4234
729 21100
730 18648
731 7853
732 20936
733 10489
734 2587
735 2295
720 24216
722 5222
723 25322
724 5874
725 19544
726 27363
727 17536
821 6909
820 8475
823 14773
822 3423
817 22873
816 24626
819 19367
818 21130
829 8117
828 19955
831 3461
830 26566
825 20353
824 6768
827 8398
826 681
804 8622
805 21590
806 26909
807 17903
800 27258
801 2643
802 9814
803 25743
812 14345
813 8225
814 26894
815 26999
808 10423
809 23909
810 7306
811 26846
791 13723
790 2191
789 20019
788 25683
787 14090
786 26582
785 27226
784 1917
799 27127
798 11674
797 21551
796 23539
795 6679
794 144
793 6865
792 20069
774 16881
775 21449
772 22685
773 5210
770 27902
771 90
768 18213
769 15178
782 19308
783 14396
780 20774
781 8670
778 19939
779 17032
776 3191
777 10464
881 18344
880 13753
883 3082
882 19836
885 20446
884 5889
887 10118
886 4553
889 11182
888 3351
891 1536
890 7744
893 4894
892 7093
895 5726
894 883
864 15658
865 25791
866 26225
867 13321
868 19081
870 6463
871 6403
872 9456
873 21219
874 6871
875 1178
876 393
877 27764
878 9281
879 10919
851 25366
850 16490
849 2018
848 14787
855 2143
854 13070
853 8252
859 2550
858 26467
857 18749
856 17687
863 15467
862 9071
861 26097
860 14021
834 6298
835 21495
832 6901
833 9059
838 13668
839 13811
836 22477
837 14230
842 3400
843 8180
840 12669
841 7859
846 1355
847 13514
844 24493
845 23321
956 5977
957 11838
958 1843
959 9277
952 654
953 21882
954 15355
955 25842
948 2259
949 13537
950 16208
951 1106
944 27339
945 10146
946 23556
947 9549
941 389
940 5231
943 5085
942 27625
937 21268
936 8887
939 4910
938 25132
933 8246
932 13891
935 16353
934 10448
929 28039
928 21258
931 11026
930 11314
926 12236
927 13338
924 1711
925 10214
922 25018
923 27218
920 20735
921 19991
918 21194
919 22296
916 22520
917 8855
914 7821
915 23787
912 5267
913 8309
911 8327
910 27557
909 18048
908 23345
907 17109
906 20675
904 20517
903 11752
902 6265
901 24928
900 6740
899 26062
898 24341
897 21939
896 12420
1016 11142
1017 18524
1019 20615
1020 22581
1021 18438
1022 15121
1023 8499
1008 18219
1009 8369
1010 17318
1011 2900
1012 5263
1013 26611
1014 16682
1015 26528
1001 6045
1000 8929
1003 16221
1002 12465
1005 14440
1004 11072
1007 17489
1006 24737
993 12492
992 2446
995 10572
997 22353
996 22348
999 4807
998 3287
986 4659
987 27591
984 22699
985 22930
990 22262
991 5218
988 9887
989 18560
978 20660
979 26727
976 4990
977 21846
982 726
983 22797
980 16283
981 2480
971 18643
970 1496
969 20002
968 9088
975 20559
974 24351
973 5587
972 14369
963 5502
962 15701
961 8600
960 16708
967 21852
966 19851
965 7652
964 19478
1100 13884
1101 25151
1102 7003
1103 25297
1096 21758
1097 15263
1098 22565
1099 16965
1093 7430
1094 19341
1095 22854
1088 23873
1089 6814
1090 15454
1091 6510
1117 24129
1116 17347
1119 8123
1118 24105
1113 11008
1112 24537
1115 18886
1114 8923
1109 17249
1108 12772
1111 2694
1110 20578
1105 26925
1104 7127
1107 95
1106 6229
1134 15801
1135 2464
1132 11920
1133 16234
1130 19697
1131 39
1128 14413
1129 8043
1126 18196
1127 9357
1124 25885
1125 2473
1122 19135
1123 600
1120 6297
1121 10770
1151 14742
1150 4763
1148 6848
1147 4515
1146 14581
1145 16444
1144 15235
1143 12445
1142 13198
1141 22594
1140 11218
1139 1358
1138 20340
1137 27954
1136 10755
1032 25173
1033 26822
1034 10255
1035 23668
1036 14830
1037 18545
1038 25373
1039 7052
1024 13669
1025 9797
1026 18603
1027 22751
1028 9542
1029 5811
1030 15134
1031 9739
1049 22376
1048 13067
1051 24193
1050 13675
1053 3470
1052 10365
1055 26372
1054 9559
1041 6450
1040 9640
1043 7391
1042 1220
1045 23277
1044 613
1047 8292
1046 15671
1066 5579
1067 19762
1064 304
1065 17439
1070 17001
1071 6362
1068 4224
1069 27846
1058 12168
1059 13774
1056 4610
1057 23391
1062 23678
1063 7868
1060 9736
1061 1451
1083 12625
1082 13873
1081 7855
1080 9981
1087 22827
1086 3955
1085 12563
1084 17308
1075 14305
1074 21387
1073 21463
1072 8360
1079 6225
1078 6436
1077 14170
1076 24082
1221 7432
1220 20990
1223 2652
1222 11852
1217 12052
1216 27053
1219 19016
1218 3727
1229 5212
1228 6947
1231 20552
1230 9597
1225 11306
1224 15897
1227 27474
1226 2923
1236 16502
1237 5341
1238 5093
1239 9192
1232 24071
1233 17781
1234 4997
1235 7373
1244 25494
1245 9918
1246 1322
1247 26040
1240 4703
1241 19252
1242 6983
1243 11392
1255 234
1254 8817
1253 20579
1252 17697
1251 164
1250 22551
1249 11469
1248 18797
1263 4952
1262 18962
1261 26345
1260 18240
1259 24063
1257 6491
1256 23092
1270 6424
1271 23587
1268 11021
1266 23221
1267 10878
1264 20036
1265 23993
1278 21251
1279 18411
1276 2766
1277 9787
1274 21914
1275 10322
1272 19946
1273 25036
1153 24827
1152 15257
1155 23495
1154 21550
1157 26033
1156 21579
1159 27102
1158 25852
1161 26661
1160 15712
1163 9493
1162 10671
1165 2339
1164 7570
1167 9270
1166 24935
1168 19344
1169 7567
1170 15288
1171 10624
1172 21334
1173 18996
1174 8736
1175 12106
1176 8524
1177 14024
1178 24365
1179 13293
1180 5457
1181 20461
1182 6176
1183 11682
1187 12856
1186 22137
1185 12221
1184 1966
1191 5830
1190 10502
1189 16837
1188 27019
1195 8170
1194 26053
1193 6551
1192 3326
1199 15063
1198 4849
1197 25530
1196 13709
1202 9873
1203 22835
1200 23746
1201 19823
1206 16885
1207 14807
1204 15651
1205 25356
1210 21891
1211 7519
1208 2336
1209 22868
1214 2910
1215 5380
1212 14811
1213 6645
1375 10248
1374 24152
1373 24873
1372 13942
1371 2630
1370 26466
1369 20178
1368 4444
1367 18966
1366 16431
1365 13793
1364 1749
1363 25331
1362 6920
1361 19841
1360 6935
1358 17729
1359 11134
1356 21476
1357 3782
1354 25235
1355 19311
1352 12254
1353 27446
1350 12537
1351 11600
1348 3348
1349 20368
1346 10713
1347 3587
1344 27075
1345 21982
1405 16013
1404 18714
1407 9730
1406 21270
1401 20472
1400 18016
1403 22711
1402 13711
1397 24248
1396 19703
1399 7493
1398 23627
1393 19041
1392 10453
1395 8955
1388 1257
1389 324
1390 739
1391 10205
1384 12721
1385 3063
1386 17674
1387 12335
1380 24543
1381 17363
1382 3718
1383 26076
1376 209
1377 15650
1378 23208
1379 20569
1307 12800
1306 5700
1305 4647
1304 13151
1311 23339
1310 17793
1309 22703
1308 14247
1299 1201
1298 1327
1297 19336
1296 2914
1303 4094
1302 19359
1300 25253
1290 2889
1291 17504
1288 5080
1289 4663
1294 6169
1295 7621
1292 9352
1293 21063
1282 18785
1283 11533
1280 26945
1286 3579
1287 6474
1284 19686
1285 17482
1337 20230
1336 13352
1339 19465
1338 12909
1341 18681
1340 15653
1343 6249
1342 17602
1329 6467
1328 7983
1331 16814
1330 9221
1333 23687
1332 9674
1335 7433
1334 14686
1320 10544
1321 15909
1322 1029
1323 23211
1324 18777
1325 25454
1326 2380
1327 6281
1312 10400
1313 9894
1314 10968
1315 9408
1316 17282
1317 18586
1318 7007
1319 294
1494 13623
1495 18628
1492 5759
1493 12507
1490 21144
1491 13553
1488 10785
1489 20598
1502 11770
1503 8840
1500 11588
1501 15366
1498 14254
1499 6426
1496 3436
1497 19443
1479 25642
1478 10414
1477 7785
1476 18269
1475 19010
1474 10484
1473 12459
1472 4419
1487 25021
1486 20358
1485 1241
1484 6722
1483 6079
1482 24236
1481 11060
1480 20285
1525 14594
1526 24455
1527 14642
1520 19192
1521 27535
1522 13029
1523 17794
1532 24020
1533 1584
1534 24326
1535 6158
1528 19264
1529 4309
1530 9290
1531 23751
1509 8430
1508 27205
1511 13909
1510 7846
1505 26190
1504 21535
1507 4122
1506 11897
1517 7017
1516 4238
1519 5838
1518 7586
1513 6572
1512 2789
1515 24202
1514 11757
1426 451
1427 5849
1424 16868
1425 3714
1430 9309
1431 25280
1428 23251
1429 20287
1434 21283
1435 21397
1432 16361
1433 24027
1438 26698
1439 14763
1436 17118
1437 25119
1411 22933
1410 26132
1409 24629
1408 19116
1415 7886
1414 6563
1413 20427
1412 26780
1418 19963
1417 8521
1416 5771
1423 25077
1422 26977
1421 3905
1420 16715
1456 18106
1457 18399
1458 23046
1459 26405
1460 21565
1461 13016
1462 15933
1463 16503
1464 21756
1465 9044
1466 2565
1467 15438
1468 4294
1469 5162
1470 19524
1471 23125
1441 14647
1440 11958
1443 11813
1442 16050
1445 11909
1444 18650
1447 18786
1446 27231
1449 1590
1448 26829
1451 2671
1450 14694
1453 9988
1452 14225
1455 21145
1454 26452
1642 10846
1643 11160
1640 3881
1641 6714
1646 18622
1647 23444
1644 19649
1645 24667
1634 18147
1635 8158
1632 17908
1633 8811
1638 8604
1639 11591
1636 14728
1637 26030
1659 13184
1658 18897
1657 605
1656 3079
1663 1134
1662 23319
1661 17100
1660 21506
1651 14141
1650 19487
1649 12496
1648 26703
1655 23311
1654 2745
1653 13247
1652 3530
1608 11901
1609 23223
1610 26440
1611 18928
1613 18321
1614 20344
1615 2793
1600 5087
1601 3865
1602 23359
1603 15549
1605 14709
1606 27721
1607 16789
1625 17891
1624 24729
1627 23904
1626 17197
1629 14539
1628 17557
1631 25200
1630 16809
1617 18600
1616 8837
1619 24396
1618 25426
1621 20300
1620 15505
1622 5626
1582 3215
1583 6750
1580 4
1581 14176
1578 122
1576 4759
1577 4057
1574 8679
1575 17877
1572 23829
1573 19875
1570 22715
1571 289
1568 12652
1569 15381
1599 3922
1598 23561
1597 20766
1596 27366
1595 15018
1594 18313
1593 7763
1592 12400
1591 20192
1590 813
1589 950
1588 27703
1587 11473
1586 20234
1585 10716
1584 16104
1548 25042
1549 6791
1550 27587
1551 20265
1544 21666
1545 10192
1546 19122
1547 25751
1540 2618
1541 22909
1542 27355
1543 12809
1536 13993
1537 20893
1538 17880
1539 11615
1565 22026
1564 13597
1567 455
1566 2859
1561 27997
1560 18481
1563 16415
1562 13947
1557 13458
1556 13159
1559 1574
1558 5031
1553 1146
1552 14979
1555 27729
1554 9526
1763 2167
1762 11816
1761 12951
1760 11819
1767 15294
1766 9599
1765 3432
1764 18888
1771 132
1770 21628
1769 22626
1768 3996
1775 11348
1774 20158
1773 10822
1772 18565
1778 16401
1779 13640
1776 5022
1777 13094
1782 3243
1783 7262
1780 19449
1781 13420
1787 27237
1784 25230
1785 18541
1790 19742
1791 22033
1788 24382
1789 24567
1729 6932
1728 12080
1731 26737
1730 12469
1733 12521
1732 11582
1735 26289
1734 5983
1737 9699
1736 19812
1739 18244
1738 7561
1741 3722
1740 16850
1743 26138
1742 27413
1744 7335
1745 15044
1746 8757
1747 24356
1748 23237
1749 19069
1750 11277
1751 26612
1752 4575
1753 23573
1754 21031
1755 11194
1756 2385
1757 26047
1758 16766
1759 19126
1703 23458
1702 10028
1701 12211
1700 22164
1699 21218
1698 18613
1697 3131
1696 18079
1711 7673
1710 1623
1709 13062
1708 6639
1707 6684
1706 20015
1705 13254
1704 25833
1718 13856
1719 6822
1716 17151
1717 4864
1714 13145
1715 19775
1712 17739
1713 26510
1726 7121
1727 14098
1724 15453
1725 25165
1722 4479
1723 4595
1720 17553
1721 12791
1669 384
1668 8063
1671 26200
1670 21383
1665 19220
1664 11744
1667 6650
1666 10951
1677 1114
1676 20279
1679 6862
1678 24426
1673 8533
1672 2430
1675 26504
1674 10087
1684 17393
1685 10981
1686 25029
1687 9046
1680 8202
1681 24549
1682 15615
1683 27345
1692 22104
1693 28056
1694 27660
1695 13861
1688 12985
1689 3524
1690 11083
1691 10098
1913 166
1912 24554
1915 11933
1914 8412
1917 19597
1916 19290
1919 8377
1918 17809
1905 4377
1904 22175
1907 15214
1906 1420
1909 10827
1911 24925
1910 18574
1896 19298
1897 27502
1898 21289
1899 10747
1900 18661
1901 10591
1902 8495
1903 2236
1888 14698
1889 14544
1890 19391
1891 2094
1892 17021
1893 16224
1894 4635
1895 2739
1882 14533
1881 25904
1880 1186
1887 25338
1886 16780
1885 18255
1884 7408
1875 5533
1874 27513
1873 2097
1872 9356
1879 13205
1878 11401
1877 20504
1876 13141
1866 6664
1867 16500
1865 26056
1870 7565
1871 5036
1868 25260
1869 14466
1858 2323
1859 4181
1856 9959
1857 20850
1862 6040
1863 1165
1860 14259
1861 17333
1853 23838
1852 2929
1855 22271
1854 10075
1849 8351
1848 13482
1851 18504
1850 7739
1845 20100
1844 679
1847 18463
1846 7118
1841 23484
1840 11924
1843 27416
1842 22756
1836 14877
1837 26982
1838 16310
1839 13821
1832 4011
1833 11948
1834 24200
1835 2687
1828 22726
1829 1403
1830 27597
1831 14591
1824 15967
1825 20627
1826 2982
1827 898
1823 15372
1822 20254
1821 17253
1820 4549
1819 17830
1818 12178
1817 8646
1816 20511
1815 25244
1814 22283
1813 4281
1812 8651
1811 5053
1810 10243
1809 6035
1808 9121
1806 10647
1807 8217
1804 14340
1805 24505
1802 9994
1803 3951
1800 23365
1801 19376
1798 14621
1799 4211
1796 5565
1797 17323
1794 15029
1795 14379
1792 19046
1793 18085
2032 24664
2033 25453
2034 1018
2035 20688
2036 11479
2037 14665
2038 12068
2039 23981
2040 19609
2041 12939
2042 12141
2043 19618
2044 10526
2045 17769
2046 2377
2047 16623
2017 27605
2016 6765
2019 9612
2018 6384
2021 5444
2020 3891
2023 14459
2022 1788
2025 12715
2024 25794
2027 17517
2026 7146
2029 8143
2028 22986
2031 12668
2030 14512
2002 434
2003 25566
2000 25520
2001 15767
2006 10010
2007 5290
2004 14880
2005 13804
2010 7186
2011 10191
2008 12629
2009 3586
2014 12199
2015 9703
2012 13559
2013 3781
1987 23220
1986 13974
1985 15961
1984 16447
1991 14187
1990 24274
1989 25615
1988 25697
1995 22146
1994 12657
1993 13376
1992 14823
1999 27221
1998 1133
1997 14273
1996 835
1972 1532
1973 7782
1974 16782
1975 23563
1968 4921
1969 2201
1970 6208
1971 8089
1980 3965
1981 12763
1982 10932
1983 26606
1976 9963
1977 24754
1978 15200
1979 9766
1957 7806
1956 25817
1959 23794
1958 2667
1953 25945
1952 19793
1955 21957
1954 19134
1965 2106
1964 16907
1967 20796
1966 13524
1960 26568
1963 3634
1962 19210
1942 16921
1943 10620
1940 15336
1941 8321
1938 24384
1939 20175
1936 6738
1937 7778
1950 26475
1951 6346
1948 21120
1949 15182
1946 26929
1947 16429
1944 22193
1945 12561
1927 4263
1926 11595
1925 6758
1924 17277
1923 14426
1922 27695
1921 15002
1920 21637
1935 8875
1934 7729
